
Topics test NB
TP values:
[[175, 0, 20, 8, 21, 21, 9, 14, 3, 1], [226, 0, 14, 8, 19, 38, 10, 11, 2, 2], [194, 0, 30, 6, 19, 16, 5, 15, 0, 2], [224, 0, 14, 7, 22, 24, 7, 12, 1, 1], [203, 0, 17, 10, 28, 27, 12, 12, 0, 0], [203, 0, 28, 10, 28, 33, 7, 15, 1, 0], [210, 0, 16, 9, 20, 25, 7, 10, 2, 3], [215, 0, 19, 5, 24, 26, 6, 13, 2, 1], [248, 0, 25, 6, 19, 31, 13, 13, 2, 1], [176, 0, 28, 11, 18, 29, 10, 5, 1, 1]]
FP values:
[[79, 0, 34, 32, 16, 9, 26, 8, 17, 25], [90, 0, 37, 43, 15, 11, 33, 7, 21, 20], [87, 0, 28, 35, 21, 6, 32, 5, 23, 21], [75, 0, 26, 33, 13, 13, 23, 14, 28, 9], [83, 0, 37, 35, 19, 11, 28, 10, 19, 14], [90, 0, 41, 36, 16, 14, 24, 7, 23, 9], [83, 0, 36, 32, 26, 8, 27, 10, 21, 20], [66, 0, 28, 26, 15, 7, 23, 6, 16, 21], [89, 0, 29, 40, 16, 11, 19, 6, 13, 19], [61, 0, 32, 42, 16, 9, 26, 5, 17, 13]]
FN values:
[[4, 0, 18, 30, 37, 62, 5, 51, 22, 17], [2, 0, 21, 36, 48, 57, 12, 58, 23, 20], [4, 0, 27, 40, 40, 42, 8, 53, 17, 27], [6, 0, 22, 28, 44, 44, 13, 38, 20, 19], [5, 0, 14, 28, 52, 50, 7, 61, 21, 18], [7, 0, 15, 29, 50, 59, 14, 53, 13, 20], [5, 0, 19, 31, 48, 53, 10, 59, 18, 20], [1, 0, 11, 40, 28, 39, 15, 45, 17, 12], [2, 0, 12, 32, 36, 61, 6, 55, 20, 18], [5, 0, 20, 30, 39, 40, 16, 36, 17, 18]]
Average TP: 
[207.4, 0.0, 21.1, 8.0, 21.8, 27.0, 8.6, 12.0, 1.4, 1.2]
Average FP: 
[80.3, 0.0, 32.8, 35.4, 17.3, 9.9, 26.1, 7.8, 19.8, 17.1]
Average FN: 
[4.1, 0.0, 17.9, 32.4, 42.2, 50.7, 10.6, 50.9, 18.8, 18.9]
recall: 
[0.9806146572104019, 0, 0.5410256410256411, 0.19801980198019803, 0.340625, 0.34749034749034746, 0.4479166666666667, 0.1907790143084261, 0.0693069306930693, 0.05970149253731344]
precision: 
[0.7208898157803267, 0, 0.39146567717996295, 0.18433179723502305, 0.5575447570332481, 0.7317073170731707, 0.24783861671469737, 0.6060606060606061, 0.0660377358490566, 0.06557377049180327]
precision macro: 
0.357145009342
recall macro: 
0.317547955191
precision micro: 
0.555855855856
recall micro: 
0.555855855856
Average accuracy: 
0.555765537077


Topics test Tree
TP values:
[[270, 0, 23, 4, 6, 13, 9, 2, 0, 0], [256, 0, 24, 4, 9, 13, 8, 4, 0, 0], [254, 0, 17, 3, 9, 13, 7, 0, 0, 0], [245, 0, 20, 4, 8, 5, 13, 1, 0, 0], [228, 0, 19, 0, 10, 13, 7, 5, 1, 0], [217, 0, 22, 3, 8, 14, 10, 5, 0, 0], [287, 0, 13, 3, 13, 8, 10, 4, 0, 0], [259, 0, 25, 1, 10, 12, 3, 2, 1, 0], [246, 0, 16, 4, 11, 17, 8, 5, 0, 0], [230, 0, 22, 1, 9, 12, 17, 1, 0, 0]]
FP values:
[[37, 0, 40, 45, 28, 18, 20, 17, 20, 13], [43, 0, 31, 26, 30, 18, 17, 13, 29, 28], [33, 0, 32, 50, 34, 24, 33, 20, 20, 16], [34, 0, 31, 54, 27, 31, 24, 19, 16, 17], [47, 0, 31, 36, 32, 22, 33, 17, 20, 17], [37, 0, 42, 43, 34, 26, 29, 18, 17, 18], [37, 0, 28, 38, 33, 28, 25, 16, 19, 22], [33, 0, 22, 38, 21, 25, 22, 14, 22, 14], [50, 0, 47, 32, 34, 33, 28, 17, 20, 22], [34, 0, 34, 45, 25, 24, 24, 18, 27, 16]]
FN values:
[[38, 0, 25, 49, 21, 22, 27, 12, 27, 17], [38, 0, 24, 55, 21, 21, 36, 13, 19, 8], [59, 0, 37, 37, 24, 24, 16, 10, 38, 17], [51, 0, 29, 43, 29, 16, 21, 18, 33, 13], [52, 0, 44, 42, 31, 16, 19, 17, 24, 10], [52, 0, 37, 50, 19, 21, 25, 16, 32, 12], [45, 0, 36, 49, 21, 22, 16, 17, 28, 12], [46, 0, 25, 39, 24, 18, 15, 14, 20, 10], [57, 0, 42, 40, 28, 33, 20, 23, 34, 6], [55, 0, 33, 39, 18, 23, 23, 11, 37, 8]]
Average TP: 
[249.2, 0.0, 20.1, 2.7, 9.3, 12.0, 9.2, 2.9, 0.2, 0.0]
Average FP: 
[38.5, 0.0, 33.8, 40.7, 29.8, 24.9, 25.5, 16.9, 21.0, 18.3]
Average FN: 
[49.3, 0.0, 33.2, 44.3, 23.6, 21.6, 21.8, 15.1, 29.2, 11.3]
recall: 
[0.8348408710217755, 0, 0.3771106941838649, 0.057446808510638304, 0.2826747720364741, 0.35714285714285715, 0.2967741935483871, 0.1611111111111111, 0.006802721088435375, 0]
precision: 
[0.8661800486618004, 0, 0.3729128014842301, 0.06221198156682027, 0.23785166240409208, 0.3252032520325203, 0.2651296829971181, 0.1464646464646465, 0.009433962264150945, 0]
precision macro: 
0.228538803788
recall macro: 
0.237390402864
precision micro: 
0.550630630631
recall micro: 
0.550630630631
Average accuracy: 
0.550726434913


Unigrams test NB
TP values:
[[265, 0, 29, 12, 20, 27, 20, 18, 3, 1], [243, 0, 27, 17, 22, 21, 18, 8, 1, 2], [267, 0, 28, 26, 26, 15, 13, 7, 3, 2], [266, 0, 26, 16, 33, 19, 13, 10, 0, 1], [269, 0, 30, 22, 24, 25, 14, 9, 3, 0], [244, 0, 18, 15, 23, 20, 11, 11, 1, 0], [253, 0, 33, 11, 20, 29, 10, 5, 2, 1], [252, 0, 21, 15, 31, 23, 11, 9, 3, 1], [259, 0, 25, 21, 21, 19, 22, 9, 2, 0], [255, 0, 34, 17, 27, 30, 21, 10, 2, 1]]
FP values:
[[32, 0, 23, 28, 14, 12, 31, 11, 20, 22], [29, 0, 25, 22, 19, 12, 13, 9, 23, 23], [26, 0, 32, 27, 10, 13, 15, 9, 24, 19], [36, 0, 26, 23, 21, 17, 16, 8, 22, 11], [19, 0, 30, 24, 13, 20, 20, 17, 21, 16], [30, 0, 27, 21, 12, 13, 20, 7, 18, 11], [29, 0, 40, 25, 9, 10, 14, 10, 11, 18], [31, 0, 25, 33, 21, 8, 22, 15, 19, 24], [33, 0, 22, 28, 12, 20, 21, 7, 20, 19], [39, 0, 18, 31, 13, 16, 22, 9, 14, 11]]
FN values:
[[3, 0, 31, 34, 22, 25, 16, 14, 26, 22], [6, 0, 27, 42, 22, 15, 19, 16, 12, 16], [2, 0, 17, 49, 17, 22, 20, 10, 17, 21], [7, 0, 31, 33, 8, 23, 21, 22, 21, 14], [6, 0, 37, 31, 28, 23, 16, 15, 13, 11], [5, 0, 22, 35, 21, 24, 13, 13, 16, 10], [2, 0, 17, 32, 21, 33, 13, 13, 17, 18], [6, 0, 25, 44, 20, 32, 17, 16, 17, 21], [1, 0, 28, 42, 23, 21, 15, 16, 21, 15], [2, 0, 29, 25, 25, 12, 19, 13, 22, 26]]
Average TP: 
[257.3, 0.0, 27.1, 17.2, 24.7, 22.8, 15.3, 9.6, 2.0, 0.9]
Average FP: 
[30.4, 0.0, 26.8, 26.2, 14.4, 14.1, 19.4, 10.2, 19.2, 17.4]
Average FN: 
[4.0, 0.0, 26.4, 36.7, 20.7, 23.0, 16.9, 14.8, 18.2, 17.4]
recall: 
[0.9846919249904325, 0, 0.5065420560747664, 0.3191094619666048, 0.5440528634361234, 0.49781659388646293, 0.47515527950310554, 0.39344262295081966, 0.09900990099009901, 0.049180327868852465]
precision: 
[0.894334376086201, 0, 0.5027829313543599, 0.39631336405529954, 0.6317135549872123, 0.6178861788617886, 0.44092219020172907, 0.4848484848484849, 0.09433962264150944, 0.049180327868852465]
precision macro: 
0.411232103091
recall macro: 
0.386900103167
precision micro: 
0.679099099099
recall micro: 
0.679099099099
Average accuracy: 
0.679150329854


Unigrams test Tree
TP values:
[[273, 0, 27, 12, 20, 15, 16, 6, 0, 0], [279, 0, 31, 11, 19, 18, 8, 5, 0, 0], [261, 0, 29, 7, 15, 25, 14, 11, 0, 0], [248, 0, 16, 9, 18, 10, 8, 7, 0, 0], [294, 0, 26, 11, 18, 18, 13, 4, 0, 0], [279, 0, 41, 5, 17, 22, 9, 2, 0, 0], [281, 0, 36, 6, 15, 19, 10, 4, 0, 2], [255, 0, 32, 11, 18, 27, 6, 7, 1, 0], [288, 0, 26, 14, 12, 8, 7, 3, 1, 1], [235, 0, 30, 8, 11, 22, 10, 5, 0, 1]]
FP values:
[[18, 0, 28, 35, 16, 17, 24, 23, 20, 28], [17, 0, 21, 42, 24, 23, 18, 9, 15, 13], [13, 0, 16, 39, 23, 20, 27, 11, 25, 17], [19, 0, 26, 33, 27, 24, 29, 11, 18, 19], [15, 0, 28, 36, 18, 17, 32, 20, 23, 19], [21, 0, 26, 29, 30, 22, 29, 16, 25, 15], [16, 0, 34, 35, 21, 17, 24, 11, 17, 12], [18, 0, 20, 31, 29, 11, 17, 12, 23, 24], [19, 0, 22, 27, 17, 21, 17, 18, 24, 11], [28, 0, 24, 33, 23, 13, 29, 13, 20, 21]]
FN values:
[[35, 0, 33, 51, 19, 17, 16, 8, 23, 7], [21, 0, 35, 28, 13, 12, 20, 12, 20, 21], [26, 0, 37, 39, 8, 22, 9, 17, 18, 15], [28, 0, 48, 40, 10, 20, 19, 10, 24, 7], [31, 0, 35, 45, 22, 13, 21, 6, 17, 18], [28, 0, 40, 48, 10, 28, 18, 14, 17, 10], [34, 0, 33, 33, 7, 25, 14, 12, 13, 16], [23, 0, 23, 55, 13, 16, 18, 7, 16, 14], [28, 0, 29, 37, 11, 11, 19, 9, 19, 13], [27, 0, 39, 39, 7, 20, 20, 7, 30, 15]]
Average TP: 
[269.3, 0.0, 29.4, 9.4, 16.3, 18.4, 10.1, 5.4, 0.2, 0.4]
Average FP: 
[18.4, 0.0, 24.5, 34.0, 22.8, 18.5, 24.6, 14.4, 21.0, 17.9]
Average FN: 
[28.1, 0.0, 35.2, 41.5, 12.0, 18.4, 17.4, 10.2, 19.7, 13.6]
recall: 
[0.9055144586415601, 0, 0.45510835913312697, 0.18467583497053047, 0.5759717314487632, 0.5, 0.36727272727272725, 0.3461538461538462, 0.010050251256281409, 0.028571428571428574]
precision: 
[0.9360444907890164, 0, 0.5454545454545454, 0.21658986175115208, 0.41687979539641945, 0.4986449864498645, 0.2910662824207492, 0.27272727272727276, 0.009433962264150945, 0.021857923497267763]
precision macro: 
0.320869912075
recall macro: 
0.337331863745
precision micro: 
0.646666666667
recall micro: 
0.646666666667
Average accuracy: 
0.64642254341


Bigrams test NB
TP values:
[[200, 0, 7, 1, 21, 25, 5, 5, 0, 1], [197, 0, 19, 2, 16, 26, 8, 1, 0, 0], [190, 0, 17, 3, 9, 28, 7, 2, 2, 3], [215, 0, 15, 6, 12, 27, 7, 0, 1, 2], [197, 0, 12, 2, 28, 31, 8, 3, 2, 1], [188, 0, 14, 5, 18, 36, 9, 1, 2, 1], [185, 0, 14, 4, 16, 29, 5, 0, 3, 1], [184, 0, 19, 3, 17, 31, 7, 3, 1, 0], [181, 0, 14, 5, 21, 30, 8, 4, 0, 1], [228, 0, 16, 6, 16, 31, 12, 1, 1, 2]]
FP values:
[[111, 0, 41, 38, 20, 3, 32, 25, 14, 12], [75, 0, 32, 42, 23, 10, 19, 22, 27, 17], [72, 0, 34, 38, 30, 7, 29, 14, 20, 13], [89, 0, 35, 44, 27, 2, 23, 12, 16, 19], [100, 0, 44, 46, 22, 4, 35, 20, 22, 17], [95, 0, 44, 42, 23, 13, 27, 17, 17, 14], [93, 0, 29, 36, 12, 9, 29, 16, 26, 17], [96, 0, 38, 42, 18, 9, 16, 16, 23, 20], [86, 0, 54, 36, 23, 10, 22, 17, 16, 26], [95, 0, 41, 33, 19, 8, 39, 19, 19, 16]]
FN values:
[[15, 0, 18, 26, 26, 139, 16, 14, 20, 22], [12, 0, 15, 32, 31, 118, 12, 14, 14, 19], [12, 0, 24, 22, 26, 118, 5, 17, 13, 20], [9, 0, 19, 24, 29, 125, 11, 11, 17, 22], [18, 0, 19, 32, 20, 146, 16, 13, 20, 26], [13, 0, 25, 23, 25, 141, 18, 9, 15, 23], [11, 0, 26, 32, 42, 101, 8, 6, 27, 14], [12, 0, 14, 26, 28, 136, 12, 13, 21, 16], [13, 0, 14, 40, 29, 139, 13, 12, 15, 15], [13, 0, 25, 38, 46, 111, 18, 4, 11, 23]]
Average TP: 
[196.5, 0.0, 14.7, 3.7, 17.4, 29.4, 7.6, 2.0, 1.2, 1.2]
Average FP: 
[91.2, 0.0, 39.2, 39.7, 21.7, 7.5, 27.1, 17.8, 20.0, 17.1]
Average FN: 
[12.8, 0.0, 19.9, 29.5, 30.2, 127.4, 12.9, 11.3, 17.3, 20.0]
recall: 
[0.9388437649307214, 0, 0.4248554913294798, 0.11144578313253012, 0.365546218487395, 0.18749999999999997, 0.37073170731707317, 0.15037593984962405, 0.06486486486486487, 0.05660377358490566]
precision: 
[0.6830031282586028, 0, 0.2727272727272727, 0.08525345622119815, 0.4450127877237852, 0.7967479674796748, 0.2190201729106628, 0.10101010101010101, 0.05660377358490566, 0.06557377049180327]
precision macro: 
0.272495243041
recall macro: 
0.26707675435
precision micro: 
0.493153153153
recall micro: 
0.493153153153
Average accuracy: 
0.49315705399


Bigrams test Tree
TP values:
[[225, 0, 13, 3, 6, 8, 9, 0, 0, 0], [238, 0, 18, 3, 9, 12, 4, 1, 0, 0], [243, 0, 17, 3, 9, 10, 10, 1, 0, 0], [242, 0, 13, 5, 5, 13, 12, 2, 0, 0], [236, 0, 14, 3, 5, 15, 10, 0, 0, 0], [255, 0, 17, 1, 12, 5, 7, 2, 0, 0], [248, 0, 17, 4, 9, 12, 12, 1, 0, 0], [214, 0, 18, 4, 9, 21, 6, 5, 0, 0], [238, 0, 21, 5, 10, 8, 8, 4, 0, 0], [270, 0, 12, 1, 5, 11, 9, 2, 0, 0]]
FP values:
[[39, 0, 45, 44, 28, 24, 25, 18, 17, 22], [46, 0, 31, 44, 25, 24, 24, 17, 22, 11], [42, 0, 31, 33, 27, 30, 20, 20, 16, 17], [47, 0, 34, 36, 26, 22, 21, 16, 20, 23], [50, 0, 38, 43, 39, 16, 26, 20, 20, 16], [57, 0, 34, 41, 39, 27, 19, 15, 22, 17], [50, 0, 42, 34, 36, 25, 32, 18, 24, 18], [51, 0, 41, 42, 21, 33, 31, 14, 22, 25], [41, 0, 44, 39, 45, 26, 27, 24, 27, 21], [45, 0, 39, 46, 26, 27, 35, 18, 22, 13]]
FN values:
[[58, 0, 32, 40, 26, 17, 29, 11, 36, 13], [48, 0, 31, 42, 23, 23, 22, 15, 32, 8], [50, 0, 27, 61, 19, 16, 16, 10, 29, 8], [60, 0, 31, 44, 20, 22, 19, 11, 28, 10], [48, 0, 30, 50, 20, 28, 21, 19, 33, 19], [52, 0, 31, 57, 25, 19, 24, 18, 32, 13], [78, 0, 34, 59, 30, 20, 19, 11, 24, 4], [53, 0, 43, 57, 20, 20, 22, 23, 29, 13], [64, 0, 32, 62, 28, 20, 23, 25, 28, 12], [55, 0, 43, 42, 24, 18, 25, 10, 39, 15]]
Average TP: 
[240.9, 0.0, 16.0, 3.2, 7.9, 11.5, 8.7, 1.8, 0.0, 0.0]
Average FP: 
[46.8, 0.0, 37.9, 40.2, 31.2, 25.4, 26.0, 18.0, 21.2, 18.3]
Average FN: 
[56.6, 0.0, 33.4, 51.4, 23.5, 20.3, 22.0, 15.3, 31.0, 11.5]
recall: 
[0.8097478991596638, 0, 0.32388663967611336, 0.05860805860805861, 0.2515923566878981, 0.36163522012578614, 0.2833876221498371, 0.10526315789473684, 0, 0]
precision: 
[0.8373305526590199, 0, 0.29684601113172543, 0.07373271889400922, 0.2020460358056266, 0.31165311653116534, 0.2507204610951008, 0.09090909090909091, 0, 0]
precision macro: 
0.206323798703
recall macro: 
0.21941209543
precision micro: 
0.522522522523
recall micro: 
0.522522522523
Average accuracy: 
0.522795177863


Trigrams test NB
TP values:
[[237, 0, 18, 4, 11, 10, 7, 1, 4, 2], [250, 0, 13, 5, 8, 22, 7, 1, 0, 1], [253, 0, 21, 7, 11, 25, 4, 1, 0, 0], [214, 0, 15, 3, 6, 12, 2, 1, 0, 1], [222, 0, 11, 2, 14, 24, 9, 2, 1, 1], [266, 0, 24, 7, 9, 18, 4, 1, 0, 1], [264, 0, 19, 5, 5, 15, 3, 0, 0, 2], [234, 0, 15, 7, 9, 16, 5, 1, 0, 1], [264, 0, 12, 3, 8, 20, 6, 0, 0, 0], [226, 0, 19, 3, 13, 18, 3, 2, 1, 3]]
FP values:
[[38, 0, 44, 34, 28, 16, 34, 22, 22, 22], [47, 0, 36, 33, 39, 11, 24, 18, 19, 17], [56, 0, 40, 42, 28, 17, 28, 15, 24, 21], [41, 0, 43, 30, 32, 26, 24, 14, 19, 16], [43, 0, 36, 30, 26, 19, 34, 24, 18, 13], [48, 0, 33, 39, 27, 21, 26, 12, 17, 20], [44, 0, 39, 41, 28, 19, 27, 12, 25, 18], [40, 0, 32, 32, 28, 20, 33, 28, 18, 14], [50, 0, 32, 59, 32, 16, 25, 20, 21, 18], [40, 0, 37, 48, 29, 24, 42, 23, 23, 12]]
FN values:
[[57, 0, 34, 30, 25, 70, 15, 4, 11, 14], [65, 0, 32, 21, 26, 68, 13, 3, 5, 11], [66, 0, 23, 33, 42, 58, 22, 8, 13, 6], [62, 0, 33, 27, 30, 56, 8, 6, 12, 11], [59, 0, 38, 33, 14, 58, 9, 5, 14, 13], [56, 0, 28, 27, 21, 57, 20, 2, 16, 16], [64, 0, 32, 24, 17, 63, 13, 7, 8, 25], [58, 0, 41, 34, 21, 49, 17, 1, 12, 12], [61, 0, 26, 27, 30, 64, 26, 5, 16, 18], [86, 0, 31, 33, 30, 49, 16, 7, 11, 15]]
Average TP: 
[243.0, 0.0, 16.7, 4.6, 9.4, 18.0, 5.0, 1.0, 0.6, 1.2]
Average FP: 
[44.7, 0.0, 37.2, 38.8, 29.7, 18.9, 29.7, 18.8, 20.6, 17.1]
Average FN: 
[63.4, 0.0, 31.8, 28.9, 25.6, 59.2, 15.9, 4.8, 11.8, 14.1]
recall: 
[0.7930809399477807, 0, 0.3443298969072165, 0.1373134328358209, 0.26857142857142857, 0.23316062176165803, 0.23923444976076558, 0.1724137931034483, 0.04838709677419355, 0.0784313725490196]
precision: 
[0.8446298227320126, 0, 0.30983302411873836, 0.10599078341013825, 0.24040920716112532, 0.48780487804878053, 0.1440922190201729, 0.050505050505050504, 0.028301886792452824, 0.06557377049180327]
precision macro: 
0.227714064228
recall macro: 
0.231492303221
precision micro: 
0.53963963964
recall micro: 
0.53963963964
Average accuracy: 
0.539273823924


Trigramss test Tree
TP values:
[[219, 0, 16, 2, 5, 4, 3, 2, 0, 0], [210, 0, 17, 4, 10, 7, 4, 2, 1, 0], [222, 0, 9, 5, 8, 14, 6, 2, 0, 0], [226, 0, 18, 3, 2, 13, 2, 3, 0, 0], [240, 0, 22, 1, 6, 12, 1, 1, 0, 0], [209, 0, 17, 4, 4, 7, 2, 1, 0, 0], [223, 0, 15, 2, 7, 5, 6, 4, 0, 0], [211, 0, 12, 4, 10, 10, 4, 1, 1, 0], [237, 0, 18, 3, 5, 9, 7, 0, 0, 0], [222, 0, 17, 4, 3, 10, 4, 0, 0, 0]]
FP values:
[[59, 0, 27, 42, 34, 24, 25, 14, 23, 22], [54, 0, 39, 46, 34, 27, 31, 19, 29, 15], [82, 0, 38, 36, 26, 29, 35, 23, 20, 20], [57, 0, 31, 39, 32, 26, 30, 17, 19, 13], [67, 0, 45, 36, 33, 35, 30, 18, 15, 16], [74, 0, 34, 36, 35, 31, 43, 25, 23, 19], [50, 0, 39, 43, 41, 28, 31, 15, 18, 17], [75, 0, 45, 39, 32, 18, 22, 13, 19, 27], [73, 0, 37, 31, 31, 30, 37, 21, 18, 16], [67, 0, 43, 54, 33, 30, 24, 17, 26, 18]]
FN values:
[[59, 0, 46, 42, 29, 23, 17, 10, 33, 11], [92, 0, 40, 51, 14, 24, 22, 14, 25, 12], [62, 0, 40, 58, 37, 33, 22, 16, 27, 14], [67, 0, 48, 37, 12, 28, 21, 17, 25, 9], [88, 0, 54, 30, 28, 31, 22, 12, 23, 7], [93, 0, 52, 58, 20, 26, 17, 15, 29, 10], [89, 0, 49, 43, 17, 21, 20, 10, 21, 12], [59, 0, 43, 52, 19, 25, 34, 20, 30, 8], [70, 0, 52, 42, 23, 22, 29, 12, 35, 9], [86, 0, 43, 53, 19, 36, 19, 17, 21, 18]]
Average TP: 
[221.9, 0.0, 16.1, 3.2, 6.0, 9.1, 3.9, 1.6, 0.2, 0.0]
Average FP: 
[65.8, 0.0, 37.8, 40.2, 33.1, 27.8, 30.8, 18.2, 21.0, 18.3]
Average FN: 
[76.5, 0.0, 46.7, 46.6, 21.8, 26.9, 22.3, 14.3, 26.9, 11.0]
recall: 
[0.743632707774799, 0, 0.25636942675159236, 0.0642570281124498, 0.2158273381294964, 0.25277777777777777, 0.14885496183206107, 0.10062893081761007, 0.007380073800738008, 0]
precision: 
[0.7712895377128954, 0, 0.29870129870129875, 0.07373271889400922, 0.1534526854219949, 0.24661246612466126, 0.11239193083573486, 0.08080808080808081, 0.009433962264150945, 0]
precision macro: 
0.174642268076
recall macro: 
0.1789728245
precision micro: 
0.472072072072
recall micro: 
0.472072072072
Average accuracy: 
0.472292786908


training final classifier - NaiveBayes over the Unigrams set
Accuracy: 
0.71646090535

TP:
[1042, 0, 156, 106, 152, 110, 69, 67, 27, 12]
FN
[17, 0, 133, 134, 64, 78, 56, 76, 73, 58]
FP
[68, 0, 106, 88, 91, 73, 97, 40, 67, 59]
recall: 
[0.983947119924457, 0, 0.5397923875432526, 0.44166666666666665, 0.7037037037037037, 0.5851063829787234, 0.552, 0.46853146853146854, 0.27, 0.17142857142857143]
precision: 
[0.9387387387387387, 0, 0.5954198473282443, 0.5463917525773195, 0.6255144032921811, 0.6010928961748634, 0.41566265060240964, 0.6261682242990654, 0.2872340425531915, 0.16901408450704225]
precision macro: 
0.480523664007
recall macro: 
0.471617630078
precision micro: 
0.71646090535
recall micro: 
0.71646090535